355###5
0.37692189394333725
0.0
0.0
0.0
0.0
0.2176159569316493
0.0
0.0
0.0
0.0
0.2176159569316493
0.0
0.0
0.0
0.0
0.0
0.0
0.15106141800980716
0.0
0.0
0.2176159569316493
0.0
0.0
0.0
0.0
0.0
0.0
0.15106141800980716
0.0
0.0
0.2176159569316493
0.0
0.0
0.0
0.0
0.2176159569316493
0.0
0.0
0.0
0.0
0.0
0.0
0.0
0.23611232947151628
0.0
0.2176159569316493
0.0
0.0
0.0
0.0
0.2176159569316493
0.0
0.0
0.0
0.0
0.0
0.0
0.15106141800980716
0.0
0.0
0.0
0.0
0.15106141800980716
0.0
0.0
0.0
0.0
0.0
0.0
0.0
0.0
0.0
0.0
0.23611232947151628
0.0
0.0
0.0
0.2136331061007806
0.0
0.0
0.0
0.0
0.15106141800980716
0.0
0.0
0.0
0.25449412157052465
0.0
0.0
0.0
0.30775543768153785
0.0
0.0
0.0
0.0
0.0
0.0
0.0
0.0
0.27206565996139975
0.0
0.0
0.0
0.0
0.19237947308669912
0.2176159569316493
0.0
0.0
0.0
0.0
0.0
0.17995451913463162
0.0
0.0
0.0
0.0
0.0
0.0
0.5279632190241373
0.0
0.0
0.0
0.2616460510563862
0.0
0.0
0.2176159569316493
0.0
0.0
0.0
0.0
0.0
0.0
0.0
0.0
0.27206565996139975
0.0
0.0
0.0
0.0
0.19237947308669912
0.0
0.0
0.0
0.0
0.19237947308669912
0.0
0.0
0.15106141800980716
0.0
0.0
0.0
0.12051763875385671
0.10116759219439735
0.1581271788306182
0.0
0.0
0.0
0.0
0.0
0.19237947308669912
0.0
0.0
0.0
0.0
0.19237947308669912
0.17557118383096768
0.20532425485780564
0.0
0.0
0.0
0.37692189394333725
0.0
0.0
0.0
0.0
0.0
0.0
0.15106141800980716
0.0
0.0
0.0
0.0
0.0
0.0
0.0
0.0
0.25449412157052465
0.0
0.0
0.0
0.0
0.1451861729520293
0.2437508017805585
0.0
0.0
0.0
0.0
0.2136331061007806
0.0
0.0
0.0
0.0
0.0
0.23611232947151628
0.0
0.0
0.0
0.12187540089027925
0.19049394073350046
0.0
0.0
0.0
0.2136331061007806
0.0
0.0
0.0
0.0
0.15106141800980716
0.0
0.0
0.0
0.0
0.3021228360196143
0.0
0.0
0.0
0.0
0.0
0.0
0.27206565996139975
0.0
0.17995451913463162
0.0
0.0
0.0
0.0
0.0
0.0
0.0
0.19237947308669912
0.0
0.0
0.15106141800980716
0.0
0.0
0.0
0.0
0.3021228360196143
0.0
0.0
0.0
0.0
0.15106141800980716
0.0
0.0
0.0
0.0
0.2136331061007806
0.0
0.0
0.0
0.17995451913463162
0.0
0.0
0.0
0.0
0.0
0.0
0.0
0.0
0.0
0.0
0.3700233939453047
0.0
0.0
0.0
0.0
0.2136331061007806
0.0
0.0
0.0
0.0
0.15106141800980716
0.0
0.0
0.0
0.0
0.0
0.0
0.3332110217194923
0.0
0.17995451913463162
0.0
0.0
0.0
0.0
0.0
0.2136331061007806
0.0
0.0
0.2176159569316493
0.0
0.0
0.0
0.0
0.0
0.0
0.0
0.0
0.19237947308669912
0.0
0.0
0.0
0.0
0.19237947308669912
0.2176159569316493
0.0
0.0
0.0
0.0
0.0
0.0
0.0
0.23611232947151628
0.0
0.0
0.0
0.0
0.333913258582123
0.0
0.0
0.0
0.0
0.23611232947151628
0.0
0.0
0.0
0.0
0.0
0.19237947308669912
0.0
0.0
0.12187540089027925
0.0
0.15521054756668554
0.24829514933565436
0.0
0.2437508017805585
0.0
0.0
0.0
0.0
0.15106141800980716
0.0
0.0
0.0
0.0
0.2616460510563862
0.0
0.0
0.0
0.0
0.0
0.23611232947151628
0.0
0.0
0.0
0.15106141800980716
0.0
0.0
0.0
0.17995451913463162
0.0
0.0
0.0
0.2176159569316493
0.0
0.0
0.0
0.0
0.30775543768153785
0.0
0.0
0.0
0.0
0.0
0.0
0.0
0.0
0.27206565996139975
0.0
0.0
0.0
0.0
0.19237947308669912
0.0
0.0
0.0
0.0
0.19237947308669912
0.0
0.17995451913463162
0.0
0.0
0.0
0.0
0.0
0.15106141800980716
0.0
0.0
0.0
0.0
0.2136331061007806
0.0
0.0
0.0
0.0
0.2136331061007806
0.0
0.0
0.0
0.17995451913463162
0.0
0.0
0.0
0.0
0.0
0.3700233939453047
0.0
0.0
0.0
0.0
0.15106141800980716
0.0
0.0
0.0
0.0
0.15106141800980716
0.0
0.0
0.0
0.31169037019280765
0.0
0.0
0.0
0.0
0.17995451913463162
0.0
0.0
0.0
0.20610740336723674
0.0
0.24780897938224783
0.1581271788306182
0.0
0.0
0.0
0.0
0.0
0.19237947308669912
0.0
0.17995451913463162
0.0
0.0
0.0
0.0
0.17995451913463162
0.0
0.0
0.0
0.0
0.17995451913463162
0.0
0.0
0.0
0.17557118383096768
0.0
0.12187540089027925
0.0
0.0
0.0
0.17995451913463162
0.0
0.0
0.0
0.0
0.17995451913463162
0.0
0.0
0.0
0.0
0.0
0.0
0.0
0.19237947308669912
0.0
0.0
0.2136331061007806
0.0
0.0
0.0
0.0
0.0
0.19049394073350046
0.15521054756668554
0.0
0.17995451913463162
0.0
0.0
0.0
0.0
0.31169037019280765
0.0
0.0
0.0
0.0
0.0
0.0
0.23611232947151628
0.0
0.0
0.0
0.0
0.0
0.43017357929745054
0.0
0.0
0.0
0.0
0.27206565996139975
0.0
0.17995451913463162
0.0
0.0
0.0
0.0
0.0
0.0
0.23611232947151628
0.0
0.0
0.17995451913463162
0.0
0.0
0.0
0.0
0.0
0.2136331061007806
0.0
0.0
0.0
0.25449412157052465
0.0
0.0
0.0
0.0
0.17995451913463162
0.0
0.0
0.0
0.0
0.0
0.15106141800980716
0.0
0.0
0.0
0.0
0.12187540089027925
0.19049394073350046
0.0
0.30775543768153785
0.0
0.0
0.0
0.0
0.0
0.17995451913463162
0.0
0.0
0.0
0.0
0.0
0.0
0.0
0.19237947308669912
0.0
0.0
0.0
0.23611232947151628
0.0
0.0
0.0
0.15106141800980716
0.0
0.0
0.0
0.0
0.15106141800980716
0.0
0.0
0.0
0.0
0.15106141800980716
0.0
0.0
0.0
0.0
0.15106141800980716
0.0
0.0
0.0
0.0
0.0
0.23611232947151628
0.0
0.30775543768153785
0.0
0.0
0.0
0.0
0.0
0.17995451913463162
0.0
0.0
0.0
0.2176159569316493
0.0
0.0
0.0
0.0
0.0
0.0
0.15106141800980716
0.0
0.0
0.0
0.0
0.15106141800980716
0.0
0.0
0.0
0.0
0.15106141800980716
0.0
0.0
0.0
0.0
0.15106141800980716
0.0
0.0
0.0
0.0
0.2616460510563862
0.0
0.0
0.0
0.20532425485780564
0.0
0.0
0.15521054756668554
0.0
0.17995451913463162
0.0
0.0
0.0
0.2176159569316493
0.0
0.0
0.0
0.0
0.0
0.0
0.15106141800980716
0.0
0.0
0.2176159569316493
0.0
0.0
0.0
0.0
0.0
0.17995451913463162
0.0
0.0
0.0
0.0
0.0
0.0
0.0
0.38475894617339823
0.30775543768153785
0.0
0.0
0.0
0.0
0.2176159569316493
0.0
0.0
0.0
0.0
0.0
0.17995451913463162
0.0
0.0
0.0
0.0
0.0
0.2616460510563862
0.0
0.0
0.0
0.17995451913463162
0.0
0.0
0.0
0.0
0.0
0.0
0.0
0.0
0.0
0.17995451913463162
0.0
0.0
0.0
0.2176159569316493
0.0
0.0
0.0
0.0
0.0
0.0
0.2136331061007806
0.0
0.0
0.0
0.0
0.0
0.23611232947151628
0.0
0.0
0.0
0.2136331061007806
0.0
0.0
0.0
0.17995451913463162
0.0
0.0
0.0
0.0
0.0
0.0
0.23611232947151628
0.0
0.0
0.0
0.15106141800980716
0.0
0.0
0.0
0.0
0.15106141800980716
0.0
0.0
0.0
0.0
0.15106141800980716
0.0
0.0
0.0
0.0
0.0
0.333913258582123
0.0
0.0
0.0
0.15106141800980716
0.0
0.0
0.0
0.0
0.0
0.23611232947151628
0.0
0.0
0.0
0.15106141800980716
0.0
0.0
0.0
0.0
0.15106141800980716
0.0
0.0
0.0
0.0
0.15106141800980716
0.0
0.0
0.0
0.0
0.15106141800980716
0.0
0.0
0.0
0.17995451913463162
0.0
0.0
0.0
0.0
0.0
0.0
0.0
0.19237947308669912
0.0
0.0
0.0
0.0
0.19237947308669912
0.0
0.0
0.0
0.23611232947151628
0.0
0.0
0.25449412157052465
0.0
0.0
0.0
0.0
0.0
0.3021228360196143
0.0
0.0
0.24829514933565436
0.20532425485780564
0.0
0.0
0.0
0.0
0.0
0.15106141800980716
0.0
0.0
0.0
0.0
0.15106141800980716
0.0
0.0
0.0
0.17995451913463162
0.0
0.0
0.0
0.0
0.0
0.15106141800980716
0.0
0.0
0.0
0.0
0.15106141800980716
0.0
0.0
0.0
0.0
0.0
0.0
0.0
0.0
0.0
0.0
0.333913258582123
0.0
0.0
0.17995451913463162
0.0
0.0
0.0
0.0
0.0
0.0
0.19049394073350046
0.2688325542560853
0.0
0.0
0.0
0.23611232947151628
0.0
0.0
0.17995451913463162
0.0
0.0
0.0
0.0
0.0
0.0
0.23611232947151628
0.0
0.0
0.0
0.0
0.0
0.19237947308669912
0.0
0.0
0.12187540089027925
0.0
0.15521054756668554
0.0
0.17995451913463162
0.0
0.0
0.0
0.0
0.25449412157052465
0.0
0.0
0.0
0.0
0.0
0.0
0.23611232947151628
0.0
0.30775543768153785
0.0
0.0
0.0
0.0
0.0
0.25449412157052465
0.0
0.0
0.0
0.0
0.0
0.0
0.0
0.19237947308669912
0.0
0.0
0.15106141800980716
0.0
0.0
0.17557118383096768
0.0
0.0
0.19049394073350046
0.0
0.0
0.25449412157052465
0.0
0.0
0.0
0.4352319138632986
0.0
0.0
0.0
0.0
0.2176159569316493
0.0
0.0
0.0
0.0
0.0
0.0
0.0
0.0
0.19237947308669912
0.0
0.17995451913463162
0.0
0.0
0.0
0.0
0.0
0.0
0.23611232947151628
0.0
0.0
0.0
0.0
0.0
0.19237947308669912
0.0
0.25449412157052465
0.0
0.0
0.0
0.0
0.17995451913463162
0.0
0.0
0.0
0.0
0.0
0.0
0.23611232947151628
0.0
0.0
0.17995451913463162
0.0
0.0
0.0
0.0
0.0
0.0
0.0
0.3332110217194923
0.0
0.17995451913463162
0.0
0.0
0.0
0.0
0.0
0.15106141800980716
0.0
0.0
0.0
0.0
0.15106141800980716
0.0
0.0
0.0
0.0
0.4272662122015612
0.0
0.0
0.0
0.0
0.0
0.0
0.19237947308669912
0.17557118383096768
0.0
0.0
0.0
0.15521054756668554
0.0
0.1451861729520293
0.0
0.0
0.2195008613921611
0.0
0.0
0.0
0.0
0.19237947308669912
0.2176159569316493
0.0
0.0
0.0
0.0
0.0
0.0
0.0
0.23611232947151628
0.0
0.0
0.17995451913463162
0.0
0.0
0.0
0.0
0.0
0.0
0.0
0.19237947308669912
0.0
0.0
0.15106141800980716
0.0
0.0
0.0
0.0
0.0
0.23611232947151628
0.0
0.2176159569316493
0.0
0.0
0.0
0.0
0.0
0.0
0.0
0.23611232947151628
0.0
0.2176159569316493
0.0
0.0
0.0
0.0
0.0
0.0
0.15106141800980716
0.0
0.0
0.17557118383096768
0.0
0.0
0.0
0.15521054756668554
0.0
0.0
0.0
0.23611232947151628
0.0
0.0
0.0
0.0
0.333913258582123
0.0
0.2176159569316493
0.0
0.0
0.0
0.0
0.0
0.0
0.0
0.23611232947151628
0.0
0.0
0.17995451913463162
0.0
0.0
0.0
0.0
0.0
0.15106141800980716
0.0
0.0
0.0
0.25449412157052465
0.0
0.0
0.0
0.0
0.25449412157052465
0.0
0.0
0.0
0.0
0.0
0.0
0.0
0.19237947308669912
0.0
0.12051763875385671
0.10116759219439735
0.22362560088205602
0.0
0.2176159569316493
0.0
0.0
0.0
0.0
0.0
0.0
0.0
0.0
0.19237947308669912
0.0
0.0
0.15106141800980716
0.0
0.0
0.0
0.47611490493244946
0.0
0.0
0.0
0.0
0.25449412157052465
0.0
0.0
0.0
0.1226010342033806
0.10138323708682583
0.08510536790300058
0.13302156785528993
0.0
0.0
0.0
0.0
0.0
0.27206565996139975
0.2176159569316493
0.0
0.0
0.0
0.0
0.0
0.0
0.0
0.23611232947151628
0.0
0.0
0.0
0.21109438653478885
0.0
0.15521054756668554
0.0
0.0
0.2136331061007806
0.0
0.0
0.0
0.0
0.15106141800980716
0.0
0.0
0.0
0.0
0.0
0.0
0.19237947308669912
0.0
0.0
0.2136331061007806
0.0
0.0
0.0
0.25449412157052465
0.0
0.0
0.0
0.0
0.17995451913463162
0.0
0.0
0.0
0.0
0.17995451913463162
0.0
0.0
0.0
0.0
0.17995451913463162
0.0
0.0
0.0
0.0
0.0
0.0
0.0
0.3332110217194923
0.4352319138632986
0.0
0.0
0.0
0.0
0.0
0.1451861729520293
0.0
0.19049394073350046
0.0
0.0
0.0
0.0
0.0
0.19237947308669912
0.24829514933565436
0.0
0.0
0.0
0.2195008613921611
0.21235122030074494
0.14337754888547602
0.08510536790300058
0.13302156785528993
0.0
0.0
0.1451861729520293
0.0
0.19049394073350046
0.0
0.0
0.0
0.0
0.23611232947151628
0.0
0.0
0.17995451913463162
0.0
0.0
0.0
0.0
0.17995451913463162
0.0
0.0
0.0
0.35114236766193535
0.20532425485780564
0.0
0.0
0.0
0.2176159569316493
0.0
0.0
0.0
0.0
0.0
0.0
0.15106141800980716
0.0
0.0
0.0
0.0
0.2136331061007806
0.0
0.0
0.0
0.0
0.15106141800980716
0.0
0.0
0.0
0.0
0.0
0.23611232947151628
0.0
0.30775543768153785
0.0
0.0
0.0
0.0
0.0
0.0
0.0
0.0
0.19237947308669912
0.3040982107402514
0.1451861729520293
0.0
0.0
0.0
0.0
0.0
0.0
0.0
0.19237947308669912
0.0
0.0
0.0
0.0
0.19237947308669912
0.17557118383096768
0.0
0.0
0.0
0.15521054756668554
0.0
0.0
0.0
0.23611232947151628
0.0
0.0
0.0
0.15106141800980716
0.0
0.0
0.0
0.17995451913463162
0.0
0.0
0.0
0.0
0.17995451913463162
0.0
0.0
0.0
0.2176159569316493
0.0
0.0
0.0
0.0
0.0
0.0
0.21109438653478885
0.19049394073350046
0.0
0.0
0.0
0.0
0.0
0.19237947308669912
0.0
0.17995451913463162
0.0
0.0
0.0
0.0
0.17995451913463162
0.0
0.0
0.0
0.0
0.25449412157052465
0.0
0.0
0.0
0.0
0.0
0.0
0.0
0.19237947308669912
0.0
0.17995451913463162
0.0
0.0
0.0
0.2176159569316493
0.0
0.0
0.0
0.0
0.0
0.0
0.0
0.23611232947151628
0.0
0.2176159569316493
0.0
0.0
0.0
0.0
0.0
0.0
0.0
0.0
0.43017357929745054
0.0
0.0
0.0
0.3299451838844373
0.15521054756668554
0.0
0.0
0.0
0.333913258582123
0.0
0.0
0.0
0.15106141800980716
0.0
0.0
0.0
0.0
0.12187540089027925
0.0
0.15521054756668554
0.0
0.0
0.0
0.23611232947151628
0.0
0.0
0.17995451913463162
0.0
0.0
0.0
0.0
0.0
0.15106141800980716
0.0
0.0
0.0
0.0
0.0
0.0
0.27206565996139975
0.0
0.0
0.15106141800980716
0.0
0.0
0.0
0.17995451913463162
0.0
0.0
0.0
0.0
0.17995451913463162
0.0
0.0
0.0
0.0
0.0
0.0
0.0
0.19237947308669912
0.0
0.0
0.0
0.0
0.19237947308669912
0.0
0.17995451913463162
0.0
0.0
0.0
0.0
0.17995451913463162
0.0
0.0
0.0
0.0
0.17995451913463162
0.0
0.0
0.0
0.2176159569316493
0.0
0.0
0.0
0.0
0.0
0.0
0.12187540089027925
0.19049394073350046
0.0
0.0
0.0
0.0
0.0
0.19237947308669912
0.0
0.31169037019280765
0.0
0.0
0.0
0.0
0.0
0.0
0.0
0.19237947308669912
0.0
0.0
0.0
0.0
0.19237947308669912
0.0
0.0
0.0
0.23611232947151628
0.0
0.0
0.0
0.0
0.23611232947151628
0.0
0.0
0.0
0.15106141800980716
0.0
0.0
0.0
0.17995451913463162
0.0
0.0
0.0
0.2176159569316493
0.0
0.0
0.0
0.0
0.0
0.0
0.0
0.23611232947151628
0.0
0.0
0.0
0.0
0.0
0.3332110217194923
0.0
0.0
0.0
0.0
0.0
0.0
0.17995451913463162
0.0
0.0
0.0
0.0
0.17995451913463162
0.0
0.0
0.0
0.0
0.0
0.0
0.0
0.0
0.0
0.0
0.15106141800980716
0.0
0.0
0.0
0.0
0.15106141800980716
0.0
0.0
0.2176159569316493
0.0
0.0
0.0
0.0
0.0
0.0
0.0
0.0
0.0
0.0
0.0
0.0
0.0
0.19237947308669912
0.0
0.0
0.0
0.0
0.27206565996139975
0.0
0.0
0.15106141800980716
0.0
0.0
0.0
0.17995451913463162
0.0
0.0
0.0
0.0
0.0
0.15106141800980716
0.0
0.0
0.0
0.0
0.2616460510563862
0.0
0.0
0.0
0.0
0.12187540089027925
0.0
0.2195008613921611
0.0
0.0
0.1723578448586909
0.0
0.15521054756668554
0.14573994257372413
0.0
0.1430725809539472
0.0
0.25767755044566937
0.0
0.0
0.15106141800980716
0.0
0.0
0.2176159569316493
0.0
0.0
0.0
0.0
0.0
0.0
0.15106141800980716
0.0
0.0
0.0
0.0
0.0
0.19049394073350046
0.15521054756668554
0.2176159569316493
0.0
0.0
0.0
0.0
0.0
0.17995451913463162
0.0
0.0
0.0
0.2176159569316493
0.0
0.0
0.0
0.0
0.2176159569316493
0.0
0.0
0.0
0.0
0.0
0.0
0.15106141800980716
0.0
0.0
0.0
0.0
0.3021228360196143
0.0
0.0
0.0
0.1451861729520293
0.0
0.19049394073350046
0.0
0.0
0.14337754888547602
0.08510536790300058
0.13302156785528993
0.18772527734997863
0.0
0.17995451913463162
0.0
0.0
0.0
0.0
0.0
0.12187540089027925
0.19049394073350046
0.0
0.0
0.17995451913463162
0.0
0.0
0.0
0.0
0.0
0.0
0.4259574007819232
0.15521054756668554
0.0
0.0
0.0
0.0
0.3332110217194923
0.0
0.0
0.0
0.23611232947151628
0.0
0.0
0.17995451913463162
0.0
0.0
0.0
0.0
0.17995451913463162
0.0
0.0
0.0
0.0
0.17995451913463162
0.0
0.0
0.0
0.0
0.17995451913463162
0.0
0.0
0.0
